3,2
3,1
3,3
696,7
696,6
696,5
696,4
696,3
696,2
696,1
696,0
679,4
679,3
679,2
679,1
679,0
677,3
677,2
677,1
677,0
676,4
676,3
676,2
676,1
676,0
675,2
675,0
673,5
673,4
673,3
673,2
673,1
673,0
672,6
672,5
672,4
672,3
672,2
672,1
672,0
671,5
671,4
671,3
671,2
671,1
671,0
670,4
670,3
670,2
670,1
670,0
669,5
669,4
669,3
669,2
669,1
669,0
668,4
668,3
668,2
10,205
668,1
645,2
11,6
10,310
10,85
10,260
10,257
10,199
10,224
10,295
10,216
10,209
10,122
10,105
10,15
11,29
11,17
11,15
11,19
11,27
11,1
11,23
11,2
11,3
9,5
8,5
8,4
8,15
12,2
12,1
12,3
20,2
20,1
20,3
19,2
19,1
19,3
10,102
10,1
10,22
10,3
18,1
18,3
14,1
14,5
14,3
13,1
13,3
10,2
9,7
9,6
9,4
9,3
